# ScalingListFile
# The matrices in this sample file are inherited from JCTVC-H1104.

INTRA2X2_LUMA =
  7,19
 19,41

INTRA2X2_CHROMAU =
  7,19
 19,41

INTRA2X2_CHROMAV =
  7,19
 19,41

INTER2X2_LUMA =
 11,30
 30,50

INTER2X2_CHROMAU =
 11,30
 30,50

INTER2X2_CHROMAV =
 11,30
 30,50

INTRA4X4_LUMA =
 7,12,19,26
12,16,24,40
19,24,41,50
26,40,50,56

INTRA4X4_CHROMAU =
 7,12,19,26
12,16,24,40
19,24,41,50
26,40,50,56

INTRA4X4_CHROMAV =
 7,12,19,26
12,16,24,40
19,24,41,50
26,40,50,56

INTER4X4_LUMA =
11,18,30,43
18,22,40,50
30,40,50,52
43,50,52,55

INTER4X4_CHROMAU =
11,18,30,43
18,22,40,50
30,40,50,52
43,50,52,55

INTER4X4_CHROMAV =
11,18,30,43
18,22,40,50
30,40,50,52
43,50,52,55

INTRA8X8_LUMA =
 6, 9,13,18,25,35,36,37
 9,10,15,21,32,35,37,41
13,15,18,23,35,55,58,59
18,21,23,26,65,58,64,66
25,32,35,65,66,66,67,70
35,35,55,58,66,68,70,73
36,37,58,64,67,70,76,80
37,41,59,66,70,73,80,85

INTRA8X8_CHROMAU =
 6, 9,13,18,25,35,36,37
 9,10,15,21,32,35,37,41
13,15,18,23,35,55,58,59
18,21,23,26,65,58,64,66
25,32,35,65,66,66,67,70
35,35,55,58,66,68,70,73
36,37,58,64,67,70,76,80
37,41,59,66,70,73,80,85

INTRA8X8_CHROMAV =
 6, 9,13,18,25,35,36,37
 9,10,15,21,32,35,37,41
13,15,18,23,35,55,58,59
18,21,23,26,65,58,64,66
25,32,35,65,66,66,67,70
35,35,55,58,66,68,70,73
36,37,58,64,67,70,76,80
37,41,59,66,70,73,80,85

INTER8X8_LUMA =
 9,15,20,29,36,38,42,43
15,17,22,29,39,43,45,46
20,22,32,34,47,48,49,50
29,29,34,44,50,51,52,53
36,39,47,50,51,52,55,55
38,43,48,51,52,53,56,58
42,45,49,52,55,56,55,60
43,46,50,53,55,58,60,63

INTER8X8_CHROMAU =
 9,15,20,29,36,38,42,43
15,17,22,29,39,43,45,46
20,22,32,34,47,48,49,50
29,29,34,44,50,51,52,53
36,39,47,50,51,52,55,55
38,43,48,51,52,53,56,58
42,45,49,52,55,56,55,60
43,46,50,53,55,58,60,63

INTER8X8_CHROMAV =
 9,15,20,29,36,38,42,43
15,17,22,29,39,43,45,46
20,22,32,34,47,48,49,50
29,29,34,44,50,51,52,53
36,39,47,50,51,52,55,55
38,43,48,51,52,53,56,58
42,45,49,52,55,56,55,60
43,46,50,53,55,58,60,63

INTRA16X16_LUMA =
 6, 9,13,18,25,35,36,37
 9,10,15,21,32,35,37,41
13,15,18,23,35,55,58,59
18,21,23,26,65,58,64,66
25,32,35,65,66,66,67,70
35,35,55,58,66,68,70,73
36,37,58,64,67,70,76,80
37,41,59,66,70,73,80,85

INTRA16X16_LUMA_DC =
6

INTRA16X16_CHROMAU =
 7, 9,13,18,25,35,36,37
 9,10,15,21,32,35,37,41
13,15,18,23,35,55,58,59
18,21,23,26,65,58,64,66
25,32,35,65,66,66,67,70
35,35,55,58,66,68,70,73
36,37,58,64,67,70,76,80
37,41,59,66,70,73,80,85

INTRA16X16_CHROMAU_DC =
6

INTRA16X16_CHROMAV =
 7, 9,13,18,25,35,36,37
 9,10,15,21,32,35,37,41
13,15,18,23,35,55,58,59
18,21,23,26,65,58,64,66
25,32,35,65,66,66,67,70
35,35,55,58,66,68,70,73
36,37,58,64,67,70,76,80
37,41,59,66,70,73,80,85

INTRA16X16_CHROMAV_DC =
6

INTER16X16_LUMA =
11,15,20,29,36,38,42,43
15,17,22,29,39,43,45,46
20,22,32,34,47,48,49,50
29,29,34,44,50,51,52,53
36,39,47,50,51,52,55,55
38,43,48,51,52,53,56,58
42,45,49,52,55,56,55,60
43,46,50,53,55,58,60,63

INTER16X16_LUMA_DC =
9

INTER16X16_CHROMAU =
11,15,20,29,36,38,42,43
15,17,22,29,39,43,45,46
20,22,32,34,47,48,49,50
29,29,34,44,50,51,52,53
36,39,47,50,51,52,55,55
38,43,48,51,52,53,56,58
42,45,49,52,55,56,55,60
43,46,50,53,55,58,60,63

INTER16X16_CHROMAU_DC =
9

INTER16X16_CHROMAV =
11,15,20,29,36,38,42,43
15,17,22,29,39,43,45,46
20,22,32,34,47,48,49,50
29,29,34,44,50,51,52,53
36,39,47,50,51,52,55,55
38,43,48,51,52,53,56,58
42,45,49,52,55,56,55,60
43,46,50,53,55,58,60,63

INTER16X16_CHROMAV_DC =
9

INTRA32X32_LUMA =
 7, 9,13,18,25,35,36,37
 9,10,15,21,32,35,37,41
13,15,18,23,35,55,58,59
18,21,23,26,65,58,64,66
25,32,35,65,66,66,67,70
35,35,55,58,66,68,70,73
36,37,58,64,67,70,76,80
37,41,59,66,70,73,80,85

INTRA32X32_LUMA_DC =
6

INTRA32X32_CHROMAU =
 7, 9,13,18,25,35,36,37
 9,10,15,21,32,35,37,41
13,15,18,23,35,55,58,59
18,21,23,26,65,58,64,66
25,32,35,65,66,66,67,70
35,35,55,58,66,68,70,73
36,37,58,64,67,70,76,80
37,41,59,66,70,73,80,85

INTRA32X32_CHROMAU_DC =
6

INTRA32X32_CHROMAV =
 7, 9,13,18,25,35,36,37
 9,10,15,21,32,35,37,41
13,15,18,23,35,55,58,59
18,21,23,26,65,58,64,66
25,32,35,65,66,66,67,70
35,35,55,58,66,68,70,73
36,37,58,64,67,70,76,80
37,41,59,66,70,73,80,85

INTRA32X32_CHROMAV_DC =
6

INTER32X32_LUMA =
11,15,20,29,36,38,42,43
15,17,22,29,39,43,45,46
20,22,32,34,47,48,49,50
29,29,34,44,50,51,52,53
36,39,47,50,51,52,55,55
38,43,48,51,52,53,56,58
42,45,49,52,55,56,55,60
43,46,50,53,55,58,60,63

INTER32X32_LUMA_DC =
9

INTER32X32_CHROMAU =
11,15,20,29,36,38,42,43
15,17,22,29,39,43,45,46
20,22,32,34,47,48,49,50
29,29,34,44,50,51,52,53
36,39,47,50,51,52,55,55
38,43,48,51,52,53,56,58
42,45,49,52,55,56,55,60
43,46,50,53,55,58,60,63

INTER32X32_CHROMAU_DC =
9

INTER32X32_CHROMAV =
11,15,20,29,36,38,42,43
15,17,22,29,39,43,45,46
20,22,32,34,47,48,49,50
29,29,34,44,50,51,52,53
36,39,47,50,51,52,55,55
38,43,48,51,52,53,56,58
42,45,49,52,55,56,55,60
43,46,50,53,55,58,60,63

INTER32X32_CHROMAV_DC =
9

INTRA64X64_LUMA =
 7, 9,13,18,25,35,36,37
 9,10,15,21,32,35,37,41
13,15,18,23,35,55,58,59
18,21,23,26,65,58,64,66
25,32,35,65,66,66,67,70
35,35,55,58,66,68,70,73
36,37,58,64,67,70,76,80
37,41,59,66,70,73,80,85

INTRA64X64_LUMA_DC =
6

INTER64X64_LUMA =
11,15,20,29,36,38,42,43
15,17,22,29,39,43,45,46
20,22,32,34,47,48,49,50
29,29,34,44,50,51,52,53
36,39,47,50,51,52,55,55
38,43,48,51,52,53,56,58
42,45,49,52,55,56,55,60
43,46,50,53,55,58,60,63

INTER64X64_LUMA_DC =
9
